-2572.6218022893845
-1125.0056110462738
-1184.373520005704
-1135.9463093032055
-1109.6181416441327
-1250.7813321389892
-1087.6529252154937
-1389.0526686290805
-1351.6111668014157
-1244.9837791247062
-1105.1708062633911
-1101.5898858743553
-1284.1468023240018
-1276.1283646811933
-1246.268249724702
-1267.3872856227797
-1038.4969294590887
-1243.5115495042057
-1338.8531081088731
-1043.94766268956
-1074.721969379335
-1017.6799575048516
-1096.2839997012602
-1261.2263430191024
-2403.4
-2402.905614738993
-2404.696309566482
-2352.1353985109963
-2401.3973314104414
-2405.293363288432
-2404.4096339207576
-2400.277588352246
-2400.388100062803
-2575.37005611054
-1889.1580212925423
-2216.762379405504
-2408.7789190095664
-2094.5697177446364
-2412.0588894942325
-2410.529008439377
-2482.632037722731
-2278.0181937927914
-1868.9039986937416
-2289.264077404972
-2408.3598506697476
-2406.4729130549513
-2539.6171066312604
-2436.1535972178744
-2502.5824982059144
-2402.620584719804
-2376.2173984093597
-2411.0511586359075
-2406.187603372876
-2411.507096662764
-2406.212507792118
-2407.1689843697973
-2405.58546409189
-2407.6043264776904
-2410.2200815786446
-2405.9110796471846
-2409.322959172025
-2410.665333030092
-2406.0762351004405
-2403.5849999999978
-2403.947000000001
-2407.195896380527
-2403.0650000000005
-2403.4178954840017
-2402.984477711141
-2402.7182756177344
-2400.2139252614056
-2407.6880000000006
-2401.894000000001
-2406.363768144241
-2407.3067079847974
-2409.626381269606
-2240.5915704991867
-2403.8510000000006
-2581.355641153395
-2269.4299433118845
-2404.782696763226
-2404.7477326782027
-2406.4894694747745
-2410.0756080043643
-2412.4931992201314
